30 years in NIF - 385 MJ/year + final, 20 MJ shot - chamber & shielding
<Block #1, card #2
0 IUNC
<Block #1, card #3
2193 250000 0 0 1 1 2 1 0 24 175 0 4 2 2 0 1 0 0 1 0
<Block #2, card #1 XRR
3.20484E+7 6.79673E+07 1.0
<Block #2, card #3 MA
1 2
<Block #2, card #4 NUCZO
9 18
<Block #2, card #6 EGRP
2.00E+01 1.40E+01 1.20E+01 1.00E+01 8.00E+00 6.50E+00 5.00E+00 4.00E+00
3.00E+00 2.50E+00 2.00E+00 1.70E+00 1.40E+00 1.20E+00 1.00E+00 8.00E-01
6.00E-01 4.00E-01 3.00E-01 2.00E-01 1.00E-01 5.00E-02 2.00E-02 1.00E-02
0.00E+00
<Block #2, card #7 CUTOFF
1.0E+0 1.0E-6 1.0E+0 1.0E-3 1.0E+0 1.0E+0
<Block #2, card #8 NTO
0 0 0 0 0 1 0 0 1 0 0 1 0 0 0 0 0 0
<Block #3 FLUX
0.00000E+00 0.00000E+00 0.00000E+00 0.00000E+00 0.00000E+00 0.00000E+00
0.00000E+00 0.00000E+00 0.00000E+00 0.00000E+00 0.00000E+00 0.00000E+00
0.00000E+00 0.00000E+00 0.00000E+00 0.00000E+00 0.00000E+00 0.00000E+00
0.00000E+00 0.00000E+00 3.75283E+09 1.06790E+09 2.41546E+08 1.64104E+08
3.84590E+08 1.64365E+08 3.92236E+08 1.74657E+08 2.94620E+08 1.35003E+08
2.25813E+08 1.00259E+08 2.60161E+08 1.14627E+08 2.06422E+08 8.98104E+07
1.97115E+08 7.97792E+07 1.74955E+08 7.02182E+07 1.80717E+08 7.42934E+07
1.56673E+08 6.05528E+07 1.85038E+08 6.75537E+07 1.65204E+08 6.31651E+07
1.38058E+08 5.96646E+07 1.52241E+08 6.72402E+07 1.69858E+08 9.00193E+07
1.62767E+08 9.35198E+07 1.60108E+08 8.82952E+07 2.08528E+08 1.05223E+08
1.92572E+08 1.04753E+08 2.63707E+08 1.30249E+08 2.42100E+08 1.15985E+08
2.84870E+08 1.28315E+08 3.34619E+08 1.40907E+08 3.03152E+08 1.29047E+08
3.66419E+08 1.39705E+08 4.11183E+08 1.56006E+08 4.53620E+08 2.06475E+08
5.78825E+08 2.89493E+08 5.55778E+08 2.84791E+08 7.95108E+08 4.07725E+08
7.68073E+08 3.44926E+08 8.37434E+08 3.08563E+08 1.01416E+09 3.58510E+08
1.10435E+09 3.91059E+08 1.24540E+09 4.57359E+08 1.40274E+09 4.45708E+08
1.52573E+09 4.01926E+08 1.92129E+09 4.29407E+08 1.71520E+09 6.37398E+08
2.55618E+09 8.18168E+08 2.94288E+09 9.70203E+08 2.34344E+09 5.65298E+08
1.70966E+09 3.15460E+08 1.67864E+09 4.00307E+08 1.45149E+09 4.54799E+08
9.49233E+08 2.87247E+08 1.93126E+09 4.23765E+08 1.52241E+09 4.96752E+08
1.39942E+09 4.01508E+08 2.67141E+09 1.11701E+09 3.42597E+09 9.25271E+08
5.52122E+08 4.02344E+08 1.50246E+09 4.72824E+08 2.73346E+09 5.97168E+08
1.86478E+09 5.59029E+08 9.18873E+08 4.33221E+08 3.09689E+08 3.77684E+08
2.19940E+09 5.64776E+08 2.36228E+09 6.40532E+08 1.94345E+09 7.87865E+08
1.77836E+09 8.76160E+08 1.26092E+09 6.68223E+08 9.95437E+08 5.65821E+08
1.20773E+09 6.50459E+08 4.24479E+08 2.32284E+08 4.38994E+08 2.31605E+08
4.18052E+08 1.95399E+08 3.75394E+08 1.88816E+08 4.11737E+08 3.43829E+08
5.88021E+08 3.72669E+08 6.92728E+08 3.85469E+08 7.32506E+08 4.08143E+08
7.39929E+08 4.39491E+08 5.01375E+08 2.93046E+08 3.44480E+08 2.02034E+08
5.17884E+08 3.06891E+08 3.94119E+08 2.36830E+08 1.75620E+08 1.06999E+08
2.14068E+08 1.31920E+08 4.01321E+08 2.51041E+08 1.91686E+08 1.17919E+08
6.51621E+08 4.19429E+08 2.72460E+08 2.99054E+08 4.88633E+08 3.42993E+08
9.10674E+08 5.40221E+08 1.69747E+08 1.00259E+08 1.67420E+08 1.03499E+08
1.69858E+08 1.04753E+08 1.73293E+08 1.08149E+08 1.76506E+08 1.11963E+08
1.78168E+08 1.14157E+08 2.22489E+08 1.41586E+08 1.48030E+08 9.76995E+07
1.90689E+08 1.24502E+08 1.98666E+08 1.27688E+08 2.01769E+08 1.33018E+08
2.08528E+08 1.37249E+08 1.29194E+08 8.43768E+07 4.13731E+07 2.80873E+07
8.63251E+07 5.90376E+07 8.55163E+07 5.86719E+07 8.90176E+07 6.00303E+07
1.39166E+08 9.16390E+07 9.21532E+07 6.18589E+07 9.12003E+07 6.35830E+07
4.64256E+07 3.21572E+07 9.55770E+07 6.40532E+07 1.47809E+08 9.95803E+07
4.76999E+07 3.30506E+07 1.53570E+08 1.02558E+08 4.96610E+07 3.47382E+07
1.02912E+08 6.99047E+07 1.02546E+08 7.13676E+07 1.60329E+08 1.09611E+08
5.31402E+07 3.71676E+07 1.62656E+08 1.13060E+08 1.10081E+08 7.75849E+07
1.14125E+08 7.92045E+07 1.18446E+08 8.07196E+07 6.01761E+07 4.07934E+07
1.81049E+08 1.25546E+08 6.15500E+07 4.27892E+07 1.25094E+08 8.69891E+07
1.26092E+08 8.88699E+07 1.92905E+08 1.35996E+08 2.04317E+08 1.41168E+08
2.06755E+08 1.46967E+08 1.44263E+08 1.01513E+08 7.12562E+07 5.04328E+07
1.47144E+08 1.05641E+08 1.54567E+08 1.08514E+08 1.60662E+08 1.10343E+08
1.60662E+08 1.13687E+08 2.50078E+08 1.77217E+08 2.64039E+08 1.85995E+08
1.78611E+08 1.27897E+08 2.81546E+08 2.02452E+08 1.90578E+08 1.40854E+08
3.05479E+08 2.19954E+08 4.41764E+08 3.23453E+08 3.41710E+08 2.52242E+08
3.64203E+08 2.73715E+08 5.28853E+08 3.94142E+08 4.34783E+08 3.22617E+08
4.47636E+08 3.42157E+08 6.86745E+08 5.24024E+08 5.92453E+08 4.60703E+08
6.21372E+08 4.84213E+08 7.30511E+08 5.77315E+08 5.44144E+08 4.39177E+08
9.35383E+08 7.70102E+08 7.73835E+08 6.50459E+08 3.65865E+08 3.20736E+08
4.38883E+08 3.88133E+08 4.83093E+08 4.30714E+08 5.25640E+08 4.83795E+08
5.70847E+08 5.48057E+08 6.32896E+08 6.46279E+08 6.90512E+08 7.43456E+08
3.68414E+08 4.27945E+08 9.56102E+09 1.69328E+10 0.00000E+00 0.00000E+00
0.00000E+00 0.00000E+00
<Block #4 Restart option
0 IREST
<Block #5, card #1 INUCL
120000 130000 140000 220000 240000
250000 260000 290000 300000
<Block #5, card #2 XCOMP
2.944E-03 5.632E-02 2.316E-04 5.093E-05 4.691E-05
2.072E-04 1.165E-04 2.559E-05 6.218E-05
<Block #5, card #1 INUCL
10000 50000 60000 80000 110000
120000 130000 140000 190000 200000
210000 220000 240000 250000 260000
280000 290000 300000
<Block #5, card #2 XCOMP
1.304E-02 8.070E-04 1.094E-04 4.345E-02 9.146E-04
2.337E-04 4.059E-03 1.578E-02 4.369E-04 1.443E-03
2.923E-05 2.961E-05 2.001E-06 8.839E-06 3.344E-04
2.239E-05 1.092E-06 2.653E-05
< Define unit as 29 shots, Unit time length is 72 days = 20x1.25 + 7x5.0 + 2x6.0,
Repeat unit 150 times to get 30 years, Shot #1 - 100 kJ + 1.25 days cooling
2 4 1 4 1 0 0 0
5.0000E-1 1.0000E+0 6.4800E+4 1.0800E+5
<Shot #2 - 100 kJ + 1.25 days cooling
2 4 1 4 1 0 0 0
10.80005E+4 10.80010E+4 6.4800E+4 1.0800E+5
<Shot #3 - 5 MJ + 5.0 days cooling
2 5 1 4 1 0 0 0
10.80005E+4 10.80010E+4 8.6400E+4 2.5920E+5 4.3200E+5
<Shot #4 - 100 kJ + 1.25 days cooling
2 4 1 5 1 0 0 0
43.20005E+4 43.20010E+4 6.4800E+4 1.0800E+5
<Shot #5 - 100 kJ + 1.25 days cooling
2 4 1 4 1 0 0 0
10.80005E+4 10.80010E+4 6.4800E+4 1.0800E+5
<Shot #6 - 5 MJ + 5.0 days cooling
2 5 1 4 1 0 0 0
10.80005E+4 10.80010E+4 8.6400E+4 2.5920E+5 4.3200E+5
<Shot #7 - 100 kJ + 1.25 days cooling
2 4 1 5 1 0 0 0
43.20005E+4 43.20010E+4 6.4800E+4 1.0800E+5
<Shot #8 - 100 kJ + 1.25 days cooling
2 4 1 4 1 0 0 0
10.80005E4 10.80010E+4 6.4800E+4 1.0800E+5
<Shot #9 - 20 MJ + 6.0 days cooling
2 5 1 4 1 0 0 0
10.80005E+4 10.80010E+4 8.6400E+4 2.5920E+5 5.1840E+5
<Shot #10 - 100 kJ + 1.25 days cooling
2 4 1 5 1 0 0 0
51.84005E+4 51.84010E+4 6.4800E+4 1.0800E+5
<Shot #11 - 100 kJ + 1.25 days cooling
2 4 1 4 1 0 0 0
10.80005E+4 10.80010E+4 6.4800E+4 1.0800E+5
<Shot #12 - 100 kJ + 1.25 days cooling
2 4 1 4 1 0 0 0
10.80005E+4 10.80010E+4 6.4800E+4 1.0800E+5
<Shot #13 - 5 MJ + 5.0 days cooling
2 5 1 4 1 0 0 0
10.80005E+4 10.80010E+4 8.6400E+4 2.5920E+5 4.3200E+5
<Shot #14 - 100 kJ + 1.25 days cooling
2 4 1 5 1 0 0 0
43.20005E+4 43.20010E+4 6.4800E+4 1.0800E+5
<Shot #15 - 100 kJ + 1.25 days cooling
2 4 1 4 1 0 0 0
10.80005E+4 10.80010E+4 6.4800E+4 1.0800E+5
<Shot #16 - 100 kJ + 1.25 days cooling
2 4 1 4 1 0 0 0
10.80005E+4 10.80010E+4 6.4800E+4 1.0800E+5
<Shot #17 - 5 MJ + 5.0 days cooling
2 5 1 4 1 0 0 0
10.80005E+4 10.80010E+4 8.6400E+4 2.5920E+5 4.3200E+5
<Shot #18 - 100 kJ + 1.25 days cooling
2 4 1 5 1 0 0 0
43.20005E+4 43.20010E+4 6.4800E+4 1.0800E+5
<Shot #19 - 100 kJ + 1.25 days cooling
2 4 1 4 1 0 0 0
10.80005E+4 10.80010E+4 6.4800E+4 1.0800E+5
<Shot #20 - 20 MJ + 6.0 days cooling
2 5 1 4 1 0 0 0
10.80005E+4 10.80010E+4 8.6400E+4 2.5920E+5 5.1840E+5
<Shot #21 - 5 MJ + 5.0 days cooling
2 5 1 5 1 0 0 0
51.84005E+4 51.84010E+4 8.6400E+4 2.5920E+5 4.3200E+5
<Shot #22 - 100 kJ + 1.25 days cooling
2 4 1 5 1 0 0 0
43.20005E+4 43.20010E+4 6.4800E+4 1.0800E+5
<Shot #23 - 100 kJ + 1.25 days cooling
2 4 1 4 1 0 0 0
10.80005E+4 10.80010E+4 6.4800E+4 1.0800E+5
<Shot #24 - 5 MJ + 5.0 days cooling
2 5 1 4 1 0 0 0
10.80005E+4 10.80010E+4 8.6400E+4 2.5920E+5 4.3200E+5
<Shot #25 - 100 kJ + 1.25 days cooling
2 4 1 5 1 0 0 0
43.20005E+4 43.20010E+4 6.4800E+4 1.0800E+5
<Shot #26 - 100 kJ + 1.25 days cooling
2 4 1 4 1 0 0 0
10.80005E+4 10.80010E+4 6.4800E+4 1.0800E+5
<Shot #27 - 5 MJ + 5.0 days cooling
2 5 1 4 1 0 0 0
10.80005E+4 10.80010E+4 8.6400E+4 2.5920E+5 4.3200E+5
<Shot #28 - 100 kJ + 1.25 days cooling
2 4 1 5 1 0 0 0
43.20005E+4 43.20010E+4 6.4800E+4 1.0800E+5
<Shot #29 - 100 kJ + 1.25 days cooling
2 4 1 4 1 0 0 0
10.80005E+4 10.80010E+4 6.4800E+4 1.0800E+5
<Additional 20 MJ shot - outside of unit, Get results at 12 h, 1 d, 2 d, 3 d, 5
d, 6 d, and 7 d
2 9 0 4 1 0 1 0
10.80005E+4 10.80010E+4 4.3200E+4 8.6400E+4 1.7280E+5
2.5920E+5 4.3200E+5 5.1840E+5 6.0480E+5
<Block #9 ERR XNORM
1.0E-25 1.0
<Block #10 Fission product inventory
0 0 1 IGFP IWFYD IFORT96
<Block #11 Type of run
1 0 1 1 1 0 0 0 0 0 IWP IMTX IWDR IDOSE IPHCUT IDHEAT IOFFSD ICEDE INEMISS IDAMAGE
1 1 1 1 PH BREM TOT RHOR
149 29 30 1 NOPUL NTSEQ NOTTS NVFL
1. 1. 50. 1. 1. 50.
1. 1. 200. 1. 1. 1.
50. 1. 1. 1. 50. 1.
1. 200. 50. 1. 1. 50.
1. 1. 50. 1. 1. 200.
0 NMULT
<Block #12 Instantaneous feed of material
0 IIFD
<Block #13 Control the output
0 1 NCYO IFSO
<Card omitted, NCYO=0
0 0 0 0 0 0 0 0 0
0 0 0 0 0 0 0 0 0
0 0 0 0 0 0 0 0 0
0 0 1 (ITSO(I), I=1, NOTTS)